
.. DO NOT EDIT.
.. THIS FILE WAS AUTOMATICALLY GENERATED BY SPHINX-GALLERY.
.. TO MAKE CHANGES, EDIT THE SOURCE PYTHON FILE:
.. "auto_examples/cosmo/plot_sc-sam.py"
.. LINE NUMBERS ARE GIVEN BELOW.

.. only:: html

    .. note::
        :class: sphx-glr-download-link-note

        :ref:`Go to the end <sphx_glr_download_auto_examples_cosmo_plot_sc-sam.py>`
        to download the full example code

.. rst-class:: sphx-glr-example-title

.. _sphx_glr_auto_examples_cosmo_plot_sc-sam.py:


SC-SAM example
==============

Load SC-SAM example data into a list of galaxy objects.

.. GENERATED FROM PYTHON SOURCE LINES 7-107




.. rst-class:: sphx-glr-script-out

 .. code-block:: none

    There are 12 metallicity bins and 1381 age bins.
    Z_lst (log10Zsun): [-2.37083, -2.1125, -1.85417, -1.59583, -1.3375, -1.07917, -0.820833, -0.5625, -0.304167, -0.0458333, 0.2125, 0.470833]
    Z_lst (unitless): [8.51530084e-05 1.54358303e-04 2.79807915e-04 5.07224235e-04
     9.19453977e-04 1.66670983e-03 3.02132188e-03 5.47683927e-03
     9.92802805e-03 1.79968582e-02 3.26234582e-02 5.91375047e-02]
    age_lst: [0.005, 0.015, 0.025, 0.035, 0.045, 0.055, 0.065, 0.075, 0.085, 0.095, 0.105, 0.115, 0.125, 0.135, 0.145, 0.155, 0.165, 0.175, 0.185, 0.195, 0.205, 0.215, 0.225, 0.235, 0.245, 0.255, 0.265, 0.275, 0.285, 0.295, 0.305, 0.315, 0.325, 0.335, 0.345, 0.355, 0.365, 0.375, 0.385, 0.395, 0.405, 0.415, 0.425, 0.435, 0.445, 0.455, 0.465, 0.475, 0.485, 0.495, 0.505, 0.515, 0.525, 0.535, 0.545, 0.555, 0.565, 0.575, 0.585, 0.595, 0.605, 0.615, 0.625, 0.635, 0.645, 0.655, 0.665, 0.675, 0.685, 0.695, 0.705, 0.715, 0.725, 0.735, 0.745, 0.755, 0.765, 0.775, 0.785, 0.795, 0.805, 0.815, 0.825, 0.835, 0.845, 0.855, 0.865, 0.875, 0.885, 0.895, 0.905, 0.915, 0.925, 0.935, 0.945, 0.955, 0.965, 0.975, 0.985, 0.995, 1.005, 1.015, 1.025, 1.035, 1.045, 1.055, 1.065, 1.075, 1.085, 1.095, 1.105, 1.115, 1.125, 1.135, 1.145, 1.155, 1.165, 1.175, 1.185, 1.195, 1.205, 1.215, 1.225, 1.235, 1.245, 1.255, 1.265, 1.275, 1.285, 1.295, 1.305, 1.315, 1.325, 1.335, 1.345, 1.355, 1.365, 1.375, 1.385, 1.395, 1.405, 1.415, 1.425, 1.435, 1.445, 1.455, 1.465, 1.475, 1.485, 1.495, 1.505, 1.515, 1.525, 1.535, 1.545, 1.555, 1.565, 1.575, 1.585, 1.595, 1.605, 1.615, 1.625, 1.635, 1.645, 1.655, 1.665, 1.675, 1.685, 1.695, 1.705, 1.715, 1.725, 1.735, 1.745, 1.755, 1.765, 1.775, 1.785, 1.795, 1.805, 1.815, 1.825, 1.835, 1.845, 1.855, 1.865, 1.875, 1.885, 1.895, 1.905, 1.915, 1.925, 1.935, 1.945, 1.955, 1.965, 1.975, 1.985, 1.995, 2.005, 2.015, 2.025, 2.035, 2.045, 2.055, 2.065, 2.075, 2.085, 2.095, 2.105, 2.115, 2.125, 2.135, 2.145, 2.155, 2.165, 2.175, 2.185, 2.195, 2.205, 2.215, 2.225, 2.235, 2.245, 2.255, 2.265, 2.275, 2.285, 2.295, 2.305, 2.315, 2.325, 2.335, 2.345, 2.355, 2.365, 2.375, 2.385, 2.395, 2.405, 2.415, 2.425, 2.435, 2.445, 2.455, 2.465, 2.475, 2.485, 2.495, 2.505, 2.515, 2.525, 2.535, 2.545, 2.555, 2.565, 2.575, 2.585, 2.595, 2.605, 2.615, 2.625, 2.635, 2.645, 2.655, 2.665, 2.675, 2.685, 2.695, 2.705, 2.715, 2.725, 2.735, 2.745, 2.755, 2.765, 2.775, 2.785, 2.795, 2.805, 2.815, 2.825, 2.835, 2.845, 2.855, 2.865, 2.875, 2.885, 2.895, 2.905, 2.915, 2.925, 2.935, 2.945, 2.955, 2.965, 2.975, 2.985, 2.995, 3.005, 3.015, 3.025, 3.035, 3.045, 3.055, 3.065, 3.075, 3.085, 3.095, 3.105, 3.115, 3.125, 3.135, 3.145, 3.155, 3.165, 3.175, 3.185, 3.195, 3.205, 3.215, 3.225, 3.235, 3.245, 3.255, 3.265, 3.275, 3.285, 3.295, 3.305, 3.315, 3.325, 3.335, 3.345, 3.355, 3.365, 3.375, 3.385, 3.395, 3.405, 3.415, 3.425, 3.435, 3.445, 3.455, 3.465, 3.475, 3.485, 3.495, 3.505, 3.515, 3.525, 3.535, 3.545, 3.555, 3.565, 3.575, 3.585, 3.595, 3.605, 3.615, 3.625, 3.635, 3.645, 3.655, 3.665, 3.675, 3.685, 3.695, 3.705, 3.715, 3.725, 3.735, 3.745, 3.755, 3.765, 3.775, 3.785, 3.795, 3.805, 3.815, 3.825, 3.835, 3.845, 3.855, 3.865, 3.875, 3.885, 3.895, 3.905, 3.915, 3.925, 3.935, 3.945, 3.955, 3.965, 3.975, 3.985, 3.995, 4.005, 4.015, 4.025, 4.035, 4.045, 4.055, 4.065, 4.075, 4.085, 4.095, 4.105, 4.115, 4.125, 4.135, 4.145, 4.155, 4.165, 4.175, 4.185, 4.195, 4.205, 4.215, 4.225, 4.235, 4.245, 4.255, 4.265, 4.275, 4.285, 4.295, 4.305, 4.315, 4.325, 4.335, 4.345, 4.355, 4.365, 4.375, 4.385, 4.395, 4.405, 4.415, 4.425, 4.435, 4.445, 4.455, 4.465, 4.475, 4.485, 4.495, 4.505, 4.515, 4.525, 4.535, 4.545, 4.555, 4.565, 4.575, 4.585, 4.595, 4.605, 4.615, 4.625, 4.635, 4.645, 4.655, 4.665, 4.675, 4.685, 4.695, 4.705, 4.715, 4.725, 4.735, 4.745, 4.755, 4.765, 4.775, 4.785, 4.795, 4.805, 4.815, 4.825, 4.835, 4.845, 4.855, 4.865, 4.875, 4.885, 4.895, 4.905, 4.915, 4.925, 4.935, 4.945, 4.955, 4.965, 4.975, 4.985, 4.995, 5.005, 5.015, 5.025, 5.035, 5.045, 5.055, 5.065, 5.075, 5.085, 5.095, 5.105, 5.115, 5.125, 5.135, 5.145, 5.155, 5.165, 5.175, 5.185, 5.195, 5.205, 5.215, 5.225, 5.235, 5.245, 5.255, 5.265, 5.275, 5.285, 5.295, 5.305, 5.315, 5.325, 5.335, 5.345, 5.355, 5.365, 5.375, 5.385, 5.395, 5.405, 5.415, 5.425, 5.435, 5.445, 5.455, 5.465, 5.475, 5.485, 5.495, 5.505, 5.515, 5.525, 5.535, 5.545, 5.555, 5.565, 5.575, 5.585, 5.595, 5.605, 5.615, 5.625, 5.635, 5.645, 5.655, 5.665, 5.675, 5.685, 5.695, 5.705, 5.715, 5.725, 5.735, 5.745, 5.755, 5.765, 5.775, 5.785, 5.795, 5.805, 5.815, 5.825, 5.835, 5.845, 5.855, 5.865, 5.875, 5.885, 5.895, 5.905, 5.915, 5.925, 5.935, 5.945, 5.955, 5.965, 5.975, 5.985, 5.995, 6.005, 6.015, 6.025, 6.035, 6.045, 6.055, 6.065, 6.075, 6.085, 6.095, 6.105, 6.115, 6.125, 6.135, 6.145, 6.155, 6.165, 6.175, 6.185, 6.195, 6.205, 6.215, 6.225, 6.235, 6.245, 6.255, 6.265, 6.275, 6.285, 6.295, 6.305, 6.315, 6.325, 6.335, 6.345, 6.355, 6.365, 6.375, 6.385, 6.395, 6.405, 6.415, 6.425, 6.435, 6.445, 6.455, 6.465, 6.475, 6.485, 6.495, 6.505, 6.515, 6.525, 6.535, 6.545, 6.555, 6.565, 6.575, 6.585, 6.595, 6.605, 6.615, 6.625, 6.635, 6.645, 6.655, 6.665, 6.675, 6.685, 6.695, 6.705, 6.715, 6.725, 6.735, 6.745, 6.755, 6.765, 6.775, 6.785, 6.795, 6.805, 6.815, 6.825, 6.835, 6.845, 6.855, 6.865, 6.875, 6.885, 6.895, 6.905, 6.915, 6.925, 6.935, 6.945, 6.955, 6.965, 6.975, 6.985, 6.995, 7.005, 7.015, 7.025, 7.035, 7.045, 7.055, 7.065, 7.075, 7.085, 7.095, 7.105, 7.115, 7.125, 7.135, 7.145, 7.155, 7.165, 7.175, 7.185, 7.195, 7.205, 7.215, 7.225, 7.235, 7.245, 7.255, 7.265, 7.275, 7.285, 7.295, 7.305, 7.315, 7.325, 7.335, 7.345, 7.355, 7.365, 7.375, 7.385, 7.395, 7.405, 7.415, 7.425, 7.435, 7.445, 7.455, 7.465, 7.475, 7.485, 7.495, 7.505, 7.515, 7.525, 7.535, 7.545, 7.555, 7.565, 7.575, 7.585, 7.595, 7.605, 7.615, 7.625, 7.635, 7.645, 7.655, 7.665, 7.675, 7.685, 7.695, 7.705, 7.715, 7.725, 7.735, 7.745, 7.755, 7.765, 7.775, 7.785, 7.795, 7.805, 7.815, 7.825, 7.835, 7.845, 7.855, 7.865, 7.875, 7.885, 7.895, 7.905, 7.915, 7.925, 7.935, 7.945, 7.955, 7.965, 7.975, 7.985, 7.995, 8.005, 8.015, 8.025, 8.035, 8.045, 8.055, 8.065, 8.075, 8.085, 8.095, 8.105, 8.115, 8.125, 8.135, 8.145, 8.155, 8.165, 8.175, 8.185, 8.195, 8.205, 8.215, 8.225, 8.235, 8.245, 8.255, 8.265, 8.275, 8.285, 8.295, 8.305, 8.315, 8.325, 8.335, 8.345, 8.355, 8.365, 8.375, 8.385, 8.395, 8.405, 8.415, 8.425, 8.435, 8.445, 8.455, 8.465, 8.475, 8.485, 8.495, 8.505, 8.515, 8.525, 8.535, 8.545, 8.555, 8.565, 8.575, 8.585, 8.595, 8.605, 8.615, 8.625, 8.635, 8.645, 8.655, 8.665, 8.675, 8.685, 8.695, 8.705, 8.715, 8.725, 8.735, 8.745, 8.755, 8.765, 8.775, 8.785, 8.795, 8.805, 8.815, 8.825, 8.835, 8.845, 8.855, 8.865, 8.875, 8.885, 8.895, 8.905, 8.915, 8.925, 8.935, 8.945, 8.955, 8.965, 8.975, 8.985, 8.995, 9.005, 9.015, 9.025, 9.035, 9.045, 9.055, 9.065, 9.075, 9.085, 9.095, 9.105, 9.115, 9.125, 9.135, 9.145, 9.155, 9.165, 9.175, 9.185, 9.195, 9.205, 9.215, 9.225, 9.235, 9.245, 9.255, 9.265, 9.275, 9.285, 9.295, 9.305, 9.315, 9.325, 9.335, 9.345, 9.355, 9.365, 9.375, 9.385, 9.395, 9.405, 9.415, 9.425, 9.435, 9.445, 9.455, 9.465, 9.475, 9.485, 9.495, 9.505, 9.515, 9.525, 9.535, 9.545, 9.555, 9.565, 9.575, 9.585, 9.595, 9.605, 9.615, 9.625, 9.635, 9.645, 9.655, 9.665, 9.675, 9.685, 9.695, 9.705, 9.715, 9.725, 9.735, 9.745, 9.755, 9.765, 9.775, 9.785, 9.795, 9.805, 9.815, 9.825, 9.835, 9.845, 9.855, 9.865, 9.875, 9.885, 9.895, 9.905, 9.915, 9.925, 9.935, 9.945, 9.955, 9.965, 9.975, 9.985, 9.995, 10.005, 10.015, 10.025, 10.035, 10.045, 10.055, 10.065, 10.075, 10.085, 10.095, 10.105, 10.115, 10.125, 10.135, 10.145, 10.155, 10.165, 10.175, 10.185, 10.195, 10.205, 10.215, 10.225, 10.235, 10.245, 10.255, 10.265, 10.275, 10.285, 10.295, 10.305, 10.315, 10.325, 10.335, 10.345, 10.355, 10.365, 10.375, 10.385, 10.395, 10.405, 10.415, 10.425, 10.435, 10.445, 10.455, 10.465, 10.475, 10.485, 10.495, 10.505, 10.515, 10.525, 10.535, 10.545, 10.555, 10.565, 10.575, 10.585, 10.595, 10.605, 10.615, 10.625, 10.635, 10.645, 10.655, 10.665, 10.675, 10.685, 10.695, 10.705, 10.715, 10.725, 10.735, 10.745, 10.755, 10.765, 10.775, 10.785, 10.795, 10.805, 10.815, 10.825, 10.835, 10.845, 10.855, 10.865, 10.875, 10.885, 10.895, 10.905, 10.915, 10.925, 10.935, 10.945, 10.955, 10.965, 10.975, 10.985, 10.995, 11.005, 11.015, 11.025, 11.035, 11.045, 11.055, 11.065, 11.075, 11.085, 11.095, 11.105, 11.115, 11.125, 11.135, 11.145, 11.155, 11.165, 11.175, 11.185, 11.195, 11.205, 11.215, 11.225, 11.235, 11.245, 11.255, 11.265, 11.275, 11.285, 11.295, 11.305, 11.315, 11.325, 11.335, 11.345, 11.355, 11.365, 11.375, 11.385, 11.395, 11.405, 11.415, 11.425, 11.435, 11.445, 11.455, 11.465, 11.475, 11.485, 11.495, 11.505, 11.515, 11.525, 11.535, 11.545, 11.555, 11.565, 11.575, 11.585, 11.595, 11.605, 11.615, 11.625, 11.635, 11.645, 11.655, 11.665, 11.675, 11.685, 11.695, 11.705, 11.715, 11.725, 11.735, 11.745, 11.755, 11.765, 11.775, 11.785, 11.795, 11.805, 11.815, 11.825, 11.835, 11.845, 11.855, 11.865, 11.875, 11.885, 11.895, 11.905, 11.915, 11.925, 11.935, 11.945, 11.955, 11.965, 11.975, 11.985, 11.995, 12.005, 12.015, 12.025, 12.035, 12.045, 12.055, 12.065, 12.075, 12.085, 12.095, 12.105, 12.115, 12.125, 12.135, 12.145, 12.155, 12.165, 12.175, 12.185, 12.195, 12.205, 12.215, 12.225, 12.235, 12.245, 12.255, 12.265, 12.275, 12.285, 12.295, 12.305, 12.315, 12.325, 12.335, 12.345, 12.355, 12.365, 12.375, 12.385, 12.395, 12.405, 12.415, 12.425, 12.435, 12.445, 12.455, 12.465, 12.475, 12.485, 12.495, 12.505, 12.515, 12.525, 12.535, 12.545, 12.555, 12.565, 12.575, 12.585, 12.595, 12.605, 12.615, 12.625, 12.635, 12.645, 12.655, 12.665, 12.675, 12.685, 12.695, 12.705, 12.715, 12.725, 12.735, 12.745, 12.755, 12.765, 12.775, 12.785, 12.795, 12.805, 12.815, 12.825, 12.835, 12.845, 12.855, 12.865, 12.875, 12.885, 12.895, 12.905, 12.915, 12.925, 12.935, 12.945, 12.955, 12.965, 12.975, 12.985, 12.995, 13.005, 13.015, 13.025, 13.035, 13.045, 13.055, 13.065, 13.075, 13.085, 13.095, 13.105, 13.115, 13.125, 13.135, 13.145, 13.155, 13.165, 13.175, 13.185, 13.195, 13.205, 13.215, 13.225, 13.235, 13.245, 13.255, 13.265, 13.275, 13.285, 13.295, 13.305, 13.315, 13.325, 13.335, 13.345, 13.355, 13.365, 13.375, 13.385, 13.395, 13.405, 13.415, 13.425, 13.435, 13.445, 13.455, 13.465, 13.475, 13.485, 13.495, 13.505, 13.515, 13.525, 13.535, 13.545, 13.555, 13.565, 13.575, 13.585, 13.595, 13.605, 13.615, 13.625, 13.635, 13.645, 13.655, 13.665, 13.675, 13.685, 13.695, 13.705, 13.715, 13.725, 13.735, 13.745, 13.755, 13.765, 13.775, 13.785, 13.795, 13.805]
    Iterating through grid...
    Converting units...
    Generating SED...
    Creating galaxy object...
    Iterating through grid...
    Converting units...
    Generating SED...
    Creating galaxy object...
    Iterating through grid...
    Converting units...
    Generating SED...
    Creating galaxy object...
    Iterating through grid...
    Converting units...
    Generating SED...
    Creating galaxy object...
    Iterating through grid...
    Converting units...
    Generating SED...
    Creating galaxy object...
    Iterating through grid...
    Converting units...
    Generating SED...
    Creating galaxy object...
    Iterating through grid...
    Converting units...
    Generating SED...
    Creating galaxy object...
    Iterating through grid...
    Converting units...
    Generating SED...
    Creating galaxy object...
    Iterating through grid...
    Converting units...
    Generating SED...
    Creating galaxy object...
    Iterating through grid...
    Converting units...
    Generating SED...
    Creating galaxy object...
    There are 12 metallicity bins and 1381 age bins.
    Z_lst (log10Zsun): [-2.37083, -2.1125, -1.85417, -1.59583, -1.3375, -1.07917, -0.820833, -0.5625, -0.304167, -0.0458333, 0.2125, 0.470833]
    Z_lst (unitless): [8.51530084e-05 1.54358303e-04 2.79807915e-04 5.07224235e-04
     9.19453977e-04 1.66670983e-03 3.02132188e-03 5.47683927e-03
     9.92802805e-03 1.79968582e-02 3.26234582e-02 5.91375047e-02]
    age_lst: [0.005, 0.015, 0.025, 0.035, 0.045, 0.055, 0.065, 0.075, 0.085, 0.095, 0.105, 0.115, 0.125, 0.135, 0.145, 0.155, 0.165, 0.175, 0.185, 0.195, 0.205, 0.215, 0.225, 0.235, 0.245, 0.255, 0.265, 0.275, 0.285, 0.295, 0.305, 0.315, 0.325, 0.335, 0.345, 0.355, 0.365, 0.375, 0.385, 0.395, 0.405, 0.415, 0.425, 0.435, 0.445, 0.455, 0.465, 0.475, 0.485, 0.495, 0.505, 0.515, 0.525, 0.535, 0.545, 0.555, 0.565, 0.575, 0.585, 0.595, 0.605, 0.615, 0.625, 0.635, 0.645, 0.655, 0.665, 0.675, 0.685, 0.695, 0.705, 0.715, 0.725, 0.735, 0.745, 0.755, 0.765, 0.775, 0.785, 0.795, 0.805, 0.815, 0.825, 0.835, 0.845, 0.855, 0.865, 0.875, 0.885, 0.895, 0.905, 0.915, 0.925, 0.935, 0.945, 0.955, 0.965, 0.975, 0.985, 0.995, 1.005, 1.015, 1.025, 1.035, 1.045, 1.055, 1.065, 1.075, 1.085, 1.095, 1.105, 1.115, 1.125, 1.135, 1.145, 1.155, 1.165, 1.175, 1.185, 1.195, 1.205, 1.215, 1.225, 1.235, 1.245, 1.255, 1.265, 1.275, 1.285, 1.295, 1.305, 1.315, 1.325, 1.335, 1.345, 1.355, 1.365, 1.375, 1.385, 1.395, 1.405, 1.415, 1.425, 1.435, 1.445, 1.455, 1.465, 1.475, 1.485, 1.495, 1.505, 1.515, 1.525, 1.535, 1.545, 1.555, 1.565, 1.575, 1.585, 1.595, 1.605, 1.615, 1.625, 1.635, 1.645, 1.655, 1.665, 1.675, 1.685, 1.695, 1.705, 1.715, 1.725, 1.735, 1.745, 1.755, 1.765, 1.775, 1.785, 1.795, 1.805, 1.815, 1.825, 1.835, 1.845, 1.855, 1.865, 1.875, 1.885, 1.895, 1.905, 1.915, 1.925, 1.935, 1.945, 1.955, 1.965, 1.975, 1.985, 1.995, 2.005, 2.015, 2.025, 2.035, 2.045, 2.055, 2.065, 2.075, 2.085, 2.095, 2.105, 2.115, 2.125, 2.135, 2.145, 2.155, 2.165, 2.175, 2.185, 2.195, 2.205, 2.215, 2.225, 2.235, 2.245, 2.255, 2.265, 2.275, 2.285, 2.295, 2.305, 2.315, 2.325, 2.335, 2.345, 2.355, 2.365, 2.375, 2.385, 2.395, 2.405, 2.415, 2.425, 2.435, 2.445, 2.455, 2.465, 2.475, 2.485, 2.495, 2.505, 2.515, 2.525, 2.535, 2.545, 2.555, 2.565, 2.575, 2.585, 2.595, 2.605, 2.615, 2.625, 2.635, 2.645, 2.655, 2.665, 2.675, 2.685, 2.695, 2.705, 2.715, 2.725, 2.735, 2.745, 2.755, 2.765, 2.775, 2.785, 2.795, 2.805, 2.815, 2.825, 2.835, 2.845, 2.855, 2.865, 2.875, 2.885, 2.895, 2.905, 2.915, 2.925, 2.935, 2.945, 2.955, 2.965, 2.975, 2.985, 2.995, 3.005, 3.015, 3.025, 3.035, 3.045, 3.055, 3.065, 3.075, 3.085, 3.095, 3.105, 3.115, 3.125, 3.135, 3.145, 3.155, 3.165, 3.175, 3.185, 3.195, 3.205, 3.215, 3.225, 3.235, 3.245, 3.255, 3.265, 3.275, 3.285, 3.295, 3.305, 3.315, 3.325, 3.335, 3.345, 3.355, 3.365, 3.375, 3.385, 3.395, 3.405, 3.415, 3.425, 3.435, 3.445, 3.455, 3.465, 3.475, 3.485, 3.495, 3.505, 3.515, 3.525, 3.535, 3.545, 3.555, 3.565, 3.575, 3.585, 3.595, 3.605, 3.615, 3.625, 3.635, 3.645, 3.655, 3.665, 3.675, 3.685, 3.695, 3.705, 3.715, 3.725, 3.735, 3.745, 3.755, 3.765, 3.775, 3.785, 3.795, 3.805, 3.815, 3.825, 3.835, 3.845, 3.855, 3.865, 3.875, 3.885, 3.895, 3.905, 3.915, 3.925, 3.935, 3.945, 3.955, 3.965, 3.975, 3.985, 3.995, 4.005, 4.015, 4.025, 4.035, 4.045, 4.055, 4.065, 4.075, 4.085, 4.095, 4.105, 4.115, 4.125, 4.135, 4.145, 4.155, 4.165, 4.175, 4.185, 4.195, 4.205, 4.215, 4.225, 4.235, 4.245, 4.255, 4.265, 4.275, 4.285, 4.295, 4.305, 4.315, 4.325, 4.335, 4.345, 4.355, 4.365, 4.375, 4.385, 4.395, 4.405, 4.415, 4.425, 4.435, 4.445, 4.455, 4.465, 4.475, 4.485, 4.495, 4.505, 4.515, 4.525, 4.535, 4.545, 4.555, 4.565, 4.575, 4.585, 4.595, 4.605, 4.615, 4.625, 4.635, 4.645, 4.655, 4.665, 4.675, 4.685, 4.695, 4.705, 4.715, 4.725, 4.735, 4.745, 4.755, 4.765, 4.775, 4.785, 4.795, 4.805, 4.815, 4.825, 4.835, 4.845, 4.855, 4.865, 4.875, 4.885, 4.895, 4.905, 4.915, 4.925, 4.935, 4.945, 4.955, 4.965, 4.975, 4.985, 4.995, 5.005, 5.015, 5.025, 5.035, 5.045, 5.055, 5.065, 5.075, 5.085, 5.095, 5.105, 5.115, 5.125, 5.135, 5.145, 5.155, 5.165, 5.175, 5.185, 5.195, 5.205, 5.215, 5.225, 5.235, 5.245, 5.255, 5.265, 5.275, 5.285, 5.295, 5.305, 5.315, 5.325, 5.335, 5.345, 5.355, 5.365, 5.375, 5.385, 5.395, 5.405, 5.415, 5.425, 5.435, 5.445, 5.455, 5.465, 5.475, 5.485, 5.495, 5.505, 5.515, 5.525, 5.535, 5.545, 5.555, 5.565, 5.575, 5.585, 5.595, 5.605, 5.615, 5.625, 5.635, 5.645, 5.655, 5.665, 5.675, 5.685, 5.695, 5.705, 5.715, 5.725, 5.735, 5.745, 5.755, 5.765, 5.775, 5.785, 5.795, 5.805, 5.815, 5.825, 5.835, 5.845, 5.855, 5.865, 5.875, 5.885, 5.895, 5.905, 5.915, 5.925, 5.935, 5.945, 5.955, 5.965, 5.975, 5.985, 5.995, 6.005, 6.015, 6.025, 6.035, 6.045, 6.055, 6.065, 6.075, 6.085, 6.095, 6.105, 6.115, 6.125, 6.135, 6.145, 6.155, 6.165, 6.175, 6.185, 6.195, 6.205, 6.215, 6.225, 6.235, 6.245, 6.255, 6.265, 6.275, 6.285, 6.295, 6.305, 6.315, 6.325, 6.335, 6.345, 6.355, 6.365, 6.375, 6.385, 6.395, 6.405, 6.415, 6.425, 6.435, 6.445, 6.455, 6.465, 6.475, 6.485, 6.495, 6.505, 6.515, 6.525, 6.535, 6.545, 6.555, 6.565, 6.575, 6.585, 6.595, 6.605, 6.615, 6.625, 6.635, 6.645, 6.655, 6.665, 6.675, 6.685, 6.695, 6.705, 6.715, 6.725, 6.735, 6.745, 6.755, 6.765, 6.775, 6.785, 6.795, 6.805, 6.815, 6.825, 6.835, 6.845, 6.855, 6.865, 6.875, 6.885, 6.895, 6.905, 6.915, 6.925, 6.935, 6.945, 6.955, 6.965, 6.975, 6.985, 6.995, 7.005, 7.015, 7.025, 7.035, 7.045, 7.055, 7.065, 7.075, 7.085, 7.095, 7.105, 7.115, 7.125, 7.135, 7.145, 7.155, 7.165, 7.175, 7.185, 7.195, 7.205, 7.215, 7.225, 7.235, 7.245, 7.255, 7.265, 7.275, 7.285, 7.295, 7.305, 7.315, 7.325, 7.335, 7.345, 7.355, 7.365, 7.375, 7.385, 7.395, 7.405, 7.415, 7.425, 7.435, 7.445, 7.455, 7.465, 7.475, 7.485, 7.495, 7.505, 7.515, 7.525, 7.535, 7.545, 7.555, 7.565, 7.575, 7.585, 7.595, 7.605, 7.615, 7.625, 7.635, 7.645, 7.655, 7.665, 7.675, 7.685, 7.695, 7.705, 7.715, 7.725, 7.735, 7.745, 7.755, 7.765, 7.775, 7.785, 7.795, 7.805, 7.815, 7.825, 7.835, 7.845, 7.855, 7.865, 7.875, 7.885, 7.895, 7.905, 7.915, 7.925, 7.935, 7.945, 7.955, 7.965, 7.975, 7.985, 7.995, 8.005, 8.015, 8.025, 8.035, 8.045, 8.055, 8.065, 8.075, 8.085, 8.095, 8.105, 8.115, 8.125, 8.135, 8.145, 8.155, 8.165, 8.175, 8.185, 8.195, 8.205, 8.215, 8.225, 8.235, 8.245, 8.255, 8.265, 8.275, 8.285, 8.295, 8.305, 8.315, 8.325, 8.335, 8.345, 8.355, 8.365, 8.375, 8.385, 8.395, 8.405, 8.415, 8.425, 8.435, 8.445, 8.455, 8.465, 8.475, 8.485, 8.495, 8.505, 8.515, 8.525, 8.535, 8.545, 8.555, 8.565, 8.575, 8.585, 8.595, 8.605, 8.615, 8.625, 8.635, 8.645, 8.655, 8.665, 8.675, 8.685, 8.695, 8.705, 8.715, 8.725, 8.735, 8.745, 8.755, 8.765, 8.775, 8.785, 8.795, 8.805, 8.815, 8.825, 8.835, 8.845, 8.855, 8.865, 8.875, 8.885, 8.895, 8.905, 8.915, 8.925, 8.935, 8.945, 8.955, 8.965, 8.975, 8.985, 8.995, 9.005, 9.015, 9.025, 9.035, 9.045, 9.055, 9.065, 9.075, 9.085, 9.095, 9.105, 9.115, 9.125, 9.135, 9.145, 9.155, 9.165, 9.175, 9.185, 9.195, 9.205, 9.215, 9.225, 9.235, 9.245, 9.255, 9.265, 9.275, 9.285, 9.295, 9.305, 9.315, 9.325, 9.335, 9.345, 9.355, 9.365, 9.375, 9.385, 9.395, 9.405, 9.415, 9.425, 9.435, 9.445, 9.455, 9.465, 9.475, 9.485, 9.495, 9.505, 9.515, 9.525, 9.535, 9.545, 9.555, 9.565, 9.575, 9.585, 9.595, 9.605, 9.615, 9.625, 9.635, 9.645, 9.655, 9.665, 9.675, 9.685, 9.695, 9.705, 9.715, 9.725, 9.735, 9.745, 9.755, 9.765, 9.775, 9.785, 9.795, 9.805, 9.815, 9.825, 9.835, 9.845, 9.855, 9.865, 9.875, 9.885, 9.895, 9.905, 9.915, 9.925, 9.935, 9.945, 9.955, 9.965, 9.975, 9.985, 9.995, 10.005, 10.015, 10.025, 10.035, 10.045, 10.055, 10.065, 10.075, 10.085, 10.095, 10.105, 10.115, 10.125, 10.135, 10.145, 10.155, 10.165, 10.175, 10.185, 10.195, 10.205, 10.215, 10.225, 10.235, 10.245, 10.255, 10.265, 10.275, 10.285, 10.295, 10.305, 10.315, 10.325, 10.335, 10.345, 10.355, 10.365, 10.375, 10.385, 10.395, 10.405, 10.415, 10.425, 10.435, 10.445, 10.455, 10.465, 10.475, 10.485, 10.495, 10.505, 10.515, 10.525, 10.535, 10.545, 10.555, 10.565, 10.575, 10.585, 10.595, 10.605, 10.615, 10.625, 10.635, 10.645, 10.655, 10.665, 10.675, 10.685, 10.695, 10.705, 10.715, 10.725, 10.735, 10.745, 10.755, 10.765, 10.775, 10.785, 10.795, 10.805, 10.815, 10.825, 10.835, 10.845, 10.855, 10.865, 10.875, 10.885, 10.895, 10.905, 10.915, 10.925, 10.935, 10.945, 10.955, 10.965, 10.975, 10.985, 10.995, 11.005, 11.015, 11.025, 11.035, 11.045, 11.055, 11.065, 11.075, 11.085, 11.095, 11.105, 11.115, 11.125, 11.135, 11.145, 11.155, 11.165, 11.175, 11.185, 11.195, 11.205, 11.215, 11.225, 11.235, 11.245, 11.255, 11.265, 11.275, 11.285, 11.295, 11.305, 11.315, 11.325, 11.335, 11.345, 11.355, 11.365, 11.375, 11.385, 11.395, 11.405, 11.415, 11.425, 11.435, 11.445, 11.455, 11.465, 11.475, 11.485, 11.495, 11.505, 11.515, 11.525, 11.535, 11.545, 11.555, 11.565, 11.575, 11.585, 11.595, 11.605, 11.615, 11.625, 11.635, 11.645, 11.655, 11.665, 11.675, 11.685, 11.695, 11.705, 11.715, 11.725, 11.735, 11.745, 11.755, 11.765, 11.775, 11.785, 11.795, 11.805, 11.815, 11.825, 11.835, 11.845, 11.855, 11.865, 11.875, 11.885, 11.895, 11.905, 11.915, 11.925, 11.935, 11.945, 11.955, 11.965, 11.975, 11.985, 11.995, 12.005, 12.015, 12.025, 12.035, 12.045, 12.055, 12.065, 12.075, 12.085, 12.095, 12.105, 12.115, 12.125, 12.135, 12.145, 12.155, 12.165, 12.175, 12.185, 12.195, 12.205, 12.215, 12.225, 12.235, 12.245, 12.255, 12.265, 12.275, 12.285, 12.295, 12.305, 12.315, 12.325, 12.335, 12.345, 12.355, 12.365, 12.375, 12.385, 12.395, 12.405, 12.415, 12.425, 12.435, 12.445, 12.455, 12.465, 12.475, 12.485, 12.495, 12.505, 12.515, 12.525, 12.535, 12.545, 12.555, 12.565, 12.575, 12.585, 12.595, 12.605, 12.615, 12.625, 12.635, 12.645, 12.655, 12.665, 12.675, 12.685, 12.695, 12.705, 12.715, 12.725, 12.735, 12.745, 12.755, 12.765, 12.775, 12.785, 12.795, 12.805, 12.815, 12.825, 12.835, 12.845, 12.855, 12.865, 12.875, 12.885, 12.895, 12.905, 12.915, 12.925, 12.935, 12.945, 12.955, 12.965, 12.975, 12.985, 12.995, 13.005, 13.015, 13.025, 13.035, 13.045, 13.055, 13.065, 13.075, 13.085, 13.095, 13.105, 13.115, 13.125, 13.135, 13.145, 13.155, 13.165, 13.175, 13.185, 13.195, 13.205, 13.215, 13.225, 13.235, 13.245, 13.255, 13.265, 13.275, 13.285, 13.295, 13.305, 13.315, 13.325, 13.335, 13.345, 13.355, 13.365, 13.375, 13.385, 13.395, 13.405, 13.415, 13.425, 13.435, 13.445, 13.455, 13.465, 13.475, 13.485, 13.495, 13.505, 13.515, 13.525, 13.535, 13.545, 13.555, 13.565, 13.575, 13.585, 13.595, 13.605, 13.615, 13.625, 13.635, 13.645, 13.655, 13.665, 13.675, 13.685, 13.695, 13.705, 13.715, 13.725, 13.735, 13.745, 13.755, 13.765, 13.775, 13.785, 13.795, 13.805]
    There are 12 metallicity bins and 1381 age bins.
    Z_lst (log10Zsun): [-2.37083, -2.1125, -1.85417, -1.59583, -1.3375, -1.07917, -0.820833, -0.5625, -0.304167, -0.0458333, 0.2125, 0.470833]
    Z_lst (unitless): [8.51530084e-05 1.54358303e-04 2.79807915e-04 5.07224235e-04
     9.19453977e-04 1.66670983e-03 3.02132188e-03 5.47683927e-03
     9.92802805e-03 1.79968582e-02 3.26234582e-02 5.91375047e-02]
    age_lst: [0.005, 0.015, 0.025, 0.035, 0.045, 0.055, 0.065, 0.075, 0.085, 0.095, 0.105, 0.115, 0.125, 0.135, 0.145, 0.155, 0.165, 0.175, 0.185, 0.195, 0.205, 0.215, 0.225, 0.235, 0.245, 0.255, 0.265, 0.275, 0.285, 0.295, 0.305, 0.315, 0.325, 0.335, 0.345, 0.355, 0.365, 0.375, 0.385, 0.395, 0.405, 0.415, 0.425, 0.435, 0.445, 0.455, 0.465, 0.475, 0.485, 0.495, 0.505, 0.515, 0.525, 0.535, 0.545, 0.555, 0.565, 0.575, 0.585, 0.595, 0.605, 0.615, 0.625, 0.635, 0.645, 0.655, 0.665, 0.675, 0.685, 0.695, 0.705, 0.715, 0.725, 0.735, 0.745, 0.755, 0.765, 0.775, 0.785, 0.795, 0.805, 0.815, 0.825, 0.835, 0.845, 0.855, 0.865, 0.875, 0.885, 0.895, 0.905, 0.915, 0.925, 0.935, 0.945, 0.955, 0.965, 0.975, 0.985, 0.995, 1.005, 1.015, 1.025, 1.035, 1.045, 1.055, 1.065, 1.075, 1.085, 1.095, 1.105, 1.115, 1.125, 1.135, 1.145, 1.155, 1.165, 1.175, 1.185, 1.195, 1.205, 1.215, 1.225, 1.235, 1.245, 1.255, 1.265, 1.275, 1.285, 1.295, 1.305, 1.315, 1.325, 1.335, 1.345, 1.355, 1.365, 1.375, 1.385, 1.395, 1.405, 1.415, 1.425, 1.435, 1.445, 1.455, 1.465, 1.475, 1.485, 1.495, 1.505, 1.515, 1.525, 1.535, 1.545, 1.555, 1.565, 1.575, 1.585, 1.595, 1.605, 1.615, 1.625, 1.635, 1.645, 1.655, 1.665, 1.675, 1.685, 1.695, 1.705, 1.715, 1.725, 1.735, 1.745, 1.755, 1.765, 1.775, 1.785, 1.795, 1.805, 1.815, 1.825, 1.835, 1.845, 1.855, 1.865, 1.875, 1.885, 1.895, 1.905, 1.915, 1.925, 1.935, 1.945, 1.955, 1.965, 1.975, 1.985, 1.995, 2.005, 2.015, 2.025, 2.035, 2.045, 2.055, 2.065, 2.075, 2.085, 2.095, 2.105, 2.115, 2.125, 2.135, 2.145, 2.155, 2.165, 2.175, 2.185, 2.195, 2.205, 2.215, 2.225, 2.235, 2.245, 2.255, 2.265, 2.275, 2.285, 2.295, 2.305, 2.315, 2.325, 2.335, 2.345, 2.355, 2.365, 2.375, 2.385, 2.395, 2.405, 2.415, 2.425, 2.435, 2.445, 2.455, 2.465, 2.475, 2.485, 2.495, 2.505, 2.515, 2.525, 2.535, 2.545, 2.555, 2.565, 2.575, 2.585, 2.595, 2.605, 2.615, 2.625, 2.635, 2.645, 2.655, 2.665, 2.675, 2.685, 2.695, 2.705, 2.715, 2.725, 2.735, 2.745, 2.755, 2.765, 2.775, 2.785, 2.795, 2.805, 2.815, 2.825, 2.835, 2.845, 2.855, 2.865, 2.875, 2.885, 2.895, 2.905, 2.915, 2.925, 2.935, 2.945, 2.955, 2.965, 2.975, 2.985, 2.995, 3.005, 3.015, 3.025, 3.035, 3.045, 3.055, 3.065, 3.075, 3.085, 3.095, 3.105, 3.115, 3.125, 3.135, 3.145, 3.155, 3.165, 3.175, 3.185, 3.195, 3.205, 3.215, 3.225, 3.235, 3.245, 3.255, 3.265, 3.275, 3.285, 3.295, 3.305, 3.315, 3.325, 3.335, 3.345, 3.355, 3.365, 3.375, 3.385, 3.395, 3.405, 3.415, 3.425, 3.435, 3.445, 3.455, 3.465, 3.475, 3.485, 3.495, 3.505, 3.515, 3.525, 3.535, 3.545, 3.555, 3.565, 3.575, 3.585, 3.595, 3.605, 3.615, 3.625, 3.635, 3.645, 3.655, 3.665, 3.675, 3.685, 3.695, 3.705, 3.715, 3.725, 3.735, 3.745, 3.755, 3.765, 3.775, 3.785, 3.795, 3.805, 3.815, 3.825, 3.835, 3.845, 3.855, 3.865, 3.875, 3.885, 3.895, 3.905, 3.915, 3.925, 3.935, 3.945, 3.955, 3.965, 3.975, 3.985, 3.995, 4.005, 4.015, 4.025, 4.035, 4.045, 4.055, 4.065, 4.075, 4.085, 4.095, 4.105, 4.115, 4.125, 4.135, 4.145, 4.155, 4.165, 4.175, 4.185, 4.195, 4.205, 4.215, 4.225, 4.235, 4.245, 4.255, 4.265, 4.275, 4.285, 4.295, 4.305, 4.315, 4.325, 4.335, 4.345, 4.355, 4.365, 4.375, 4.385, 4.395, 4.405, 4.415, 4.425, 4.435, 4.445, 4.455, 4.465, 4.475, 4.485, 4.495, 4.505, 4.515, 4.525, 4.535, 4.545, 4.555, 4.565, 4.575, 4.585, 4.595, 4.605, 4.615, 4.625, 4.635, 4.645, 4.655, 4.665, 4.675, 4.685, 4.695, 4.705, 4.715, 4.725, 4.735, 4.745, 4.755, 4.765, 4.775, 4.785, 4.795, 4.805, 4.815, 4.825, 4.835, 4.845, 4.855, 4.865, 4.875, 4.885, 4.895, 4.905, 4.915, 4.925, 4.935, 4.945, 4.955, 4.965, 4.975, 4.985, 4.995, 5.005, 5.015, 5.025, 5.035, 5.045, 5.055, 5.065, 5.075, 5.085, 5.095, 5.105, 5.115, 5.125, 5.135, 5.145, 5.155, 5.165, 5.175, 5.185, 5.195, 5.205, 5.215, 5.225, 5.235, 5.245, 5.255, 5.265, 5.275, 5.285, 5.295, 5.305, 5.315, 5.325, 5.335, 5.345, 5.355, 5.365, 5.375, 5.385, 5.395, 5.405, 5.415, 5.425, 5.435, 5.445, 5.455, 5.465, 5.475, 5.485, 5.495, 5.505, 5.515, 5.525, 5.535, 5.545, 5.555, 5.565, 5.575, 5.585, 5.595, 5.605, 5.615, 5.625, 5.635, 5.645, 5.655, 5.665, 5.675, 5.685, 5.695, 5.705, 5.715, 5.725, 5.735, 5.745, 5.755, 5.765, 5.775, 5.785, 5.795, 5.805, 5.815, 5.825, 5.835, 5.845, 5.855, 5.865, 5.875, 5.885, 5.895, 5.905, 5.915, 5.925, 5.935, 5.945, 5.955, 5.965, 5.975, 5.985, 5.995, 6.005, 6.015, 6.025, 6.035, 6.045, 6.055, 6.065, 6.075, 6.085, 6.095, 6.105, 6.115, 6.125, 6.135, 6.145, 6.155, 6.165, 6.175, 6.185, 6.195, 6.205, 6.215, 6.225, 6.235, 6.245, 6.255, 6.265, 6.275, 6.285, 6.295, 6.305, 6.315, 6.325, 6.335, 6.345, 6.355, 6.365, 6.375, 6.385, 6.395, 6.405, 6.415, 6.425, 6.435, 6.445, 6.455, 6.465, 6.475, 6.485, 6.495, 6.505, 6.515, 6.525, 6.535, 6.545, 6.555, 6.565, 6.575, 6.585, 6.595, 6.605, 6.615, 6.625, 6.635, 6.645, 6.655, 6.665, 6.675, 6.685, 6.695, 6.705, 6.715, 6.725, 6.735, 6.745, 6.755, 6.765, 6.775, 6.785, 6.795, 6.805, 6.815, 6.825, 6.835, 6.845, 6.855, 6.865, 6.875, 6.885, 6.895, 6.905, 6.915, 6.925, 6.935, 6.945, 6.955, 6.965, 6.975, 6.985, 6.995, 7.005, 7.015, 7.025, 7.035, 7.045, 7.055, 7.065, 7.075, 7.085, 7.095, 7.105, 7.115, 7.125, 7.135, 7.145, 7.155, 7.165, 7.175, 7.185, 7.195, 7.205, 7.215, 7.225, 7.235, 7.245, 7.255, 7.265, 7.275, 7.285, 7.295, 7.305, 7.315, 7.325, 7.335, 7.345, 7.355, 7.365, 7.375, 7.385, 7.395, 7.405, 7.415, 7.425, 7.435, 7.445, 7.455, 7.465, 7.475, 7.485, 7.495, 7.505, 7.515, 7.525, 7.535, 7.545, 7.555, 7.565, 7.575, 7.585, 7.595, 7.605, 7.615, 7.625, 7.635, 7.645, 7.655, 7.665, 7.675, 7.685, 7.695, 7.705, 7.715, 7.725, 7.735, 7.745, 7.755, 7.765, 7.775, 7.785, 7.795, 7.805, 7.815, 7.825, 7.835, 7.845, 7.855, 7.865, 7.875, 7.885, 7.895, 7.905, 7.915, 7.925, 7.935, 7.945, 7.955, 7.965, 7.975, 7.985, 7.995, 8.005, 8.015, 8.025, 8.035, 8.045, 8.055, 8.065, 8.075, 8.085, 8.095, 8.105, 8.115, 8.125, 8.135, 8.145, 8.155, 8.165, 8.175, 8.185, 8.195, 8.205, 8.215, 8.225, 8.235, 8.245, 8.255, 8.265, 8.275, 8.285, 8.295, 8.305, 8.315, 8.325, 8.335, 8.345, 8.355, 8.365, 8.375, 8.385, 8.395, 8.405, 8.415, 8.425, 8.435, 8.445, 8.455, 8.465, 8.475, 8.485, 8.495, 8.505, 8.515, 8.525, 8.535, 8.545, 8.555, 8.565, 8.575, 8.585, 8.595, 8.605, 8.615, 8.625, 8.635, 8.645, 8.655, 8.665, 8.675, 8.685, 8.695, 8.705, 8.715, 8.725, 8.735, 8.745, 8.755, 8.765, 8.775, 8.785, 8.795, 8.805, 8.815, 8.825, 8.835, 8.845, 8.855, 8.865, 8.875, 8.885, 8.895, 8.905, 8.915, 8.925, 8.935, 8.945, 8.955, 8.965, 8.975, 8.985, 8.995, 9.005, 9.015, 9.025, 9.035, 9.045, 9.055, 9.065, 9.075, 9.085, 9.095, 9.105, 9.115, 9.125, 9.135, 9.145, 9.155, 9.165, 9.175, 9.185, 9.195, 9.205, 9.215, 9.225, 9.235, 9.245, 9.255, 9.265, 9.275, 9.285, 9.295, 9.305, 9.315, 9.325, 9.335, 9.345, 9.355, 9.365, 9.375, 9.385, 9.395, 9.405, 9.415, 9.425, 9.435, 9.445, 9.455, 9.465, 9.475, 9.485, 9.495, 9.505, 9.515, 9.525, 9.535, 9.545, 9.555, 9.565, 9.575, 9.585, 9.595, 9.605, 9.615, 9.625, 9.635, 9.645, 9.655, 9.665, 9.675, 9.685, 9.695, 9.705, 9.715, 9.725, 9.735, 9.745, 9.755, 9.765, 9.775, 9.785, 9.795, 9.805, 9.815, 9.825, 9.835, 9.845, 9.855, 9.865, 9.875, 9.885, 9.895, 9.905, 9.915, 9.925, 9.935, 9.945, 9.955, 9.965, 9.975, 9.985, 9.995, 10.005, 10.015, 10.025, 10.035, 10.045, 10.055, 10.065, 10.075, 10.085, 10.095, 10.105, 10.115, 10.125, 10.135, 10.145, 10.155, 10.165, 10.175, 10.185, 10.195, 10.205, 10.215, 10.225, 10.235, 10.245, 10.255, 10.265, 10.275, 10.285, 10.295, 10.305, 10.315, 10.325, 10.335, 10.345, 10.355, 10.365, 10.375, 10.385, 10.395, 10.405, 10.415, 10.425, 10.435, 10.445, 10.455, 10.465, 10.475, 10.485, 10.495, 10.505, 10.515, 10.525, 10.535, 10.545, 10.555, 10.565, 10.575, 10.585, 10.595, 10.605, 10.615, 10.625, 10.635, 10.645, 10.655, 10.665, 10.675, 10.685, 10.695, 10.705, 10.715, 10.725, 10.735, 10.745, 10.755, 10.765, 10.775, 10.785, 10.795, 10.805, 10.815, 10.825, 10.835, 10.845, 10.855, 10.865, 10.875, 10.885, 10.895, 10.905, 10.915, 10.925, 10.935, 10.945, 10.955, 10.965, 10.975, 10.985, 10.995, 11.005, 11.015, 11.025, 11.035, 11.045, 11.055, 11.065, 11.075, 11.085, 11.095, 11.105, 11.115, 11.125, 11.135, 11.145, 11.155, 11.165, 11.175, 11.185, 11.195, 11.205, 11.215, 11.225, 11.235, 11.245, 11.255, 11.265, 11.275, 11.285, 11.295, 11.305, 11.315, 11.325, 11.335, 11.345, 11.355, 11.365, 11.375, 11.385, 11.395, 11.405, 11.415, 11.425, 11.435, 11.445, 11.455, 11.465, 11.475, 11.485, 11.495, 11.505, 11.515, 11.525, 11.535, 11.545, 11.555, 11.565, 11.575, 11.585, 11.595, 11.605, 11.615, 11.625, 11.635, 11.645, 11.655, 11.665, 11.675, 11.685, 11.695, 11.705, 11.715, 11.725, 11.735, 11.745, 11.755, 11.765, 11.775, 11.785, 11.795, 11.805, 11.815, 11.825, 11.835, 11.845, 11.855, 11.865, 11.875, 11.885, 11.895, 11.905, 11.915, 11.925, 11.935, 11.945, 11.955, 11.965, 11.975, 11.985, 11.995, 12.005, 12.015, 12.025, 12.035, 12.045, 12.055, 12.065, 12.075, 12.085, 12.095, 12.105, 12.115, 12.125, 12.135, 12.145, 12.155, 12.165, 12.175, 12.185, 12.195, 12.205, 12.215, 12.225, 12.235, 12.245, 12.255, 12.265, 12.275, 12.285, 12.295, 12.305, 12.315, 12.325, 12.335, 12.345, 12.355, 12.365, 12.375, 12.385, 12.395, 12.405, 12.415, 12.425, 12.435, 12.445, 12.455, 12.465, 12.475, 12.485, 12.495, 12.505, 12.515, 12.525, 12.535, 12.545, 12.555, 12.565, 12.575, 12.585, 12.595, 12.605, 12.615, 12.625, 12.635, 12.645, 12.655, 12.665, 12.675, 12.685, 12.695, 12.705, 12.715, 12.725, 12.735, 12.745, 12.755, 12.765, 12.775, 12.785, 12.795, 12.805, 12.815, 12.825, 12.835, 12.845, 12.855, 12.865, 12.875, 12.885, 12.895, 12.905, 12.915, 12.925, 12.935, 12.945, 12.955, 12.965, 12.975, 12.985, 12.995, 13.005, 13.015, 13.025, 13.035, 13.045, 13.055, 13.065, 13.075, 13.085, 13.095, 13.105, 13.115, 13.125, 13.135, 13.145, 13.155, 13.165, 13.175, 13.185, 13.195, 13.205, 13.215, 13.225, 13.235, 13.245, 13.255, 13.265, 13.275, 13.285, 13.295, 13.305, 13.315, 13.325, 13.335, 13.345, 13.355, 13.365, 13.375, 13.385, 13.395, 13.405, 13.415, 13.425, 13.435, 13.445, 13.455, 13.465, 13.475, 13.485, 13.495, 13.505, 13.515, 13.525, 13.535, 13.545, 13.555, 13.565, 13.575, 13.585, 13.595, 13.605, 13.615, 13.625, 13.635, 13.645, 13.655, 13.665, 13.675, 13.685, 13.695, 13.705, 13.715, 13.725, 13.735, 13.745, 13.755, 13.765, 13.775, 13.785, 13.795, 13.805]
    /opt/hostedtoolcache/Python/3.10.13/x64/lib/python3.10/site-packages/unyt/array.py:1802: RuntimeWarning: divide by zero encountered in log10
      out_arr = func(np.asarray(inp), out=out_func, **kwargs)






|

.. code-block:: default


    import numpy as np
    from synthesizer.load_sam_data import load_SCSAM
    from synthesizer.grid import Grid
    import matplotlib.pyplot as plt


    if __name__ == "__main__":
    

        # Define the grid
        grid_name = "test_grid.hdf5"
        grid_dir = "../../tests/test_grid/"
        grid = Grid(grid_name, grid_dir=grid_dir)

        # Load example SC-SAM SF history (just contains 10 galaxies)
        test_data = '../../tests/data/sc-sam_sfhist.dat'
        # Obtain galaxy objects using different methods:
        # Particle method
        particle_galaxies, _, _ = load_SCSAM(test_data, 'particle')
        # Paramteric method, interpolating the grid using scipy's
        # nearest ND interpolator
        parametric_NNI_galaxies, _, _ = load_SCSAM(test_data,
                                                   'parametric_NNI', grid)
        # Paramteric method, interpolating the grid using scipy's
        # regular grid interpolator
        parametric_RGI_galaxies, _, _ = load_SCSAM(test_data,
                                                   'parametric_RGI', grid)

        # Set up arrays to store galaxy SEDs
        particle_SEDs = []
        parametric_NNI_SEDs = []
        parametric_RGI_SEDs = []

        # Spectrum that we want
        # (e.g. incident, nebular, intrinsic, emergent)
        spectrum = 'emergent'
    
    
        # Loop over each galaxy object
        for i in range(len(particle_galaxies)):

            # Get SEDs for the particle galaxy object
            particle_galaxy = particle_galaxies[i]
            particle_galaxy.get_spectra_incident(grid)
            particle_galaxy.get_spectra_reprocessed(grid, fesc=0.1)
            particle_galaxy.get_spectra_screen(grid, tau_v=0.33)
            particle_sed = particle_galaxy.spectra[spectrum]
            particle_SEDs.append(particle_sed.lnu)

            # Get SEDs for the parametric NNI galaxy object
            parametric_NNI_galaxy = parametric_NNI_galaxies[i]
            parametric_NNI_galaxy.get_spectra_incident(grid)
            parametric_NNI_galaxy.get_spectra_reprocessed(grid, fesc=0.1)
            parametric_NNI_galaxy.get_spectra_screen(grid, tau_v=0.33)
            parametric_sed = parametric_NNI_galaxy.spectra[spectrum]
            parametric_NNI_SEDs.append(parametric_sed.lnu)

            # Get SEDs for the parametric RGI galaxy object
            parametric_RGI_galaxy = parametric_RGI_galaxies[i]
            parametric_RGI_galaxy.get_spectra_incident(grid)
            parametric_RGI_galaxy.get_spectra_reprocessed(grid, fesc=0.1)
            parametric_RGI_galaxy.get_spectra_screen(grid, tau_v=0.33)
            parametric_sed = parametric_RGI_galaxy.spectra[spectrum]
            parametric_RGI_SEDs.append(parametric_sed.lnu)

        
        # Plot SEDs
        for lnu in particle_SEDs:
            plt.plot(np.log10(particle_sed.lam), np.log10(lnu))
            plt.xlabel(r'$\log_{10}(\lambda/\rm{\AA})$')
            plt.ylabel(r'$\log_{10}(L_\nu/\rm{erg\,s^{-1}\,Hz^{-1}\,M_{\odot}^{-1}})$')
            plt.xlim(0,8)
            plt.ylim(10, 35)
            plt.title(f'simple particle method - {spectrum}')
            plt.grid(color='whitesmoke')
        plt.show()
        plt.close()
    
        for lnu in parametric_NNI_SEDs:
            plt.plot(np.log10(parametric_sed.lam), np.log10(lnu))
            plt.xlabel(r'$\log_{10}(\lambda/\rm{\AA})$')
            plt.ylabel(r'$\log_{10}(L_\nu/\rm{erg\,s^{-1}\,Hz^{-1}\,M_{\odot}^{-1}})$')
            plt.xlim(0,8)
            plt.ylim(10, 35)
            plt.title(f'NNI parametric method - {spectrum}')
            plt.grid(color='whitesmoke')
        plt.show()
        plt.close()

        for lnu in parametric_RGI_SEDs:
            plt.plot(np.log10(parametric_sed.lam), np.log10(lnu))
            plt.xlabel(r'$\log_{10}(\lambda/\rm{\AA})$')
            plt.ylabel(r'$\log_{10}(L_\nu/\rm{erg\,s^{-1}\,Hz^{-1}\,M_{\odot}^{-1}})$')
            plt.xlim(0,8)
            plt.ylim(10, 35)
            plt.title(f'RGI parametric method - {spectrum}')
            plt.grid(color='whitesmoke')
        plt.show()
        plt.close()


.. rst-class:: sphx-glr-timing

   **Total running time of the script:** (0 minutes 5.395 seconds)


.. _sphx_glr_download_auto_examples_cosmo_plot_sc-sam.py:

.. only:: html

  .. container:: sphx-glr-footer sphx-glr-footer-example




    .. container:: sphx-glr-download sphx-glr-download-python

      :download:`Download Python source code: plot_sc-sam.py <plot_sc-sam.py>`

    .. container:: sphx-glr-download sphx-glr-download-jupyter

      :download:`Download Jupyter notebook: plot_sc-sam.ipynb <plot_sc-sam.ipynb>`


.. only:: html

 .. rst-class:: sphx-glr-signature

    `Gallery generated by Sphinx-Gallery <https://sphinx-gallery.github.io>`_
